%CODATA
G = 6.67428e-11;
